0 2.8 -1 -1 -1 -1 -1 -1 -1 -1 2.6 3.1 1.4 -1
2.8 0 -1 -1 -1 2.8 6.3 -1 -1 6.6 -1 -1 -1 -1
-1 -1 0 3.5 -1 -1 -1 -1 -1 -1 -1 -1 -1 -1
-1 -1 3.5 0 -1 -1 -1 -1 4.4 -1 2.8 -1 3.1 -1
-1 -1 -1 -1 0 -1 -1 4.7 -1 -1 -1 -1 -1 6.7
-1 2.8 -1 -1 -1 0 -1 -1 -1 -1 -1 3.6 -1 -1
-1 6.3 -1 -1 -1 -1 0 -1 1.9 -1 -1 -1 -1 -1
-1 -1 -1 -1 4.7 -1 -1 0 -1 -1 -1 -1 -1 -1
-1 -1 -1 4.4 -1 -1 1.9 -1 0 -1 -1 -1 -1 2.6
-1 6.6 -1 -1 -1 -1 -1 -1 -1 0 -1 -1 -1 -1
2.6 -1 -1 2.8 -1 -1 -1 -1 -1 -1 0 -1 -1 -1
3.1 -1 -1 -1 -1 3.6 -1 -1 -1 -1 -1 0 -1 -1
1.4 -1 -1 3.1 -1 -1 -1 -1 -1 -1 -1 -1 0 -1
-1 -1 -1 -1 6.7 -1 -1 -1 2.6 -1 -1 -1 -1 0
